Card 1 : 1, 2, 3, 4, 5

Card 2 : 1, 6, 7, 8, 9

Card 3 : 1, 10, 11, 12, 13

Card 4 : 1, 14, 15, 16, 17

Card 5 : 1, 18, 19, 20, 21

Card 6 : 2, 6, 10, 14, 18

Card 7 : 2, 7, 11, 15, 19

Card 8 : 2, 8, 12, 16, 20

Card 9 : 2, 9, 13, 17, 21

Card 10 : 3, 6, 11, 16, 21

Card 11 : 3, 7, 10, 17, 20

Card 12 : 3, 8, 13, 14, 19

Card 13 : 3, 9, 12, 15, 18

Card 14 : 4, 6, 12, 17, 19

Card 15 : 4, 7, 13, 16, 18

Card 16 : 4, 8, 10, 15, 21

Card 17 : 4, 9, 11, 14, 20

Card 18 : 5, 6, 13, 15, 20

Card 19 : 5, 7, 12, 14, 21

Card 20 : 5, 8, 11, 17, 18

Card 21 : 5, 9, 10, 16, 19